4146
3601
3586
3918
4833
3722
3847
4217
4813
4479
4706
4120
3970
4187
4054
3905
4177
3995
4299
4597
3886
4670
3833
3872
4013
4030
4078
4403
4734
4322
4248
4198
4417
4468
4124
4137
3858
4503
4367
4523
3993
4059
4018
4285
4091
4542
4188
4313
3998
4177
4157
3907
4263
4170
4163
4300
3927
4087
4465
4281
3862
4649
4147
3791
4441
4122
3971
4147
4230
3945
3998
4876
3830
4373
3998
4440
3986
4363
4214
3914
4171
4117
4610
4232
3962
3751
4664
3902
4495
4031
3974
4288
4428
4206
4024
4379
3946
4548
4032
4208
4340
4204
4160
3858
3812
4538
4287
3959
3927
4867
3654
3762
3663
3908
4034
3766
3693
3942
4092
3629
4023
3739
4323
3959
4161
3744
3940
4234
4099
4161
3852
4196
4777
4026
3827
5096
4444
4249
5081
4427
4136
4870
3884
3707
4615
3748
3633
3734
3673
3732
3749
3955
4000
3895
3784
3669
3639
3497
3790
3824
3535
3719
3966
3580
3899
3662
3640
3534
3711
3784
3685
3818
3627
3555
3645
3932
3715
3625
3756
3679
3600
4157
3699
3744
3727
3732
3577
3689
3662
3513
3963
3538
3688
3532
3707
3629
3494
3414
3881
4123
4287
3874
3726
3824
3755
4102
3809
3648
3641
3775
3678
3830
3750
3820
3698
3681
3703
3624
4545
3686
4476
3750
3689
3900
3867
3748
3835
3798
3756
3731
4045
3876
3746
3731
3548
3823
3661
3880
3641
3629
3725
3769
3773
3792
3518
3786
3813
4531
3660
3712
3867
4015
3624
3644
3727
3778
3691
3741
3657
3869
3792
3718
3998
3734
3854
3915
3702
3755
3968
3742
3865
3959
4143
3973
3818
4211
3963
3897
3637
3679
3770
3770
3732
3757
3692
3696
3767
3672
4086
4009
3600
3951
3780
4512
3736
3645
3859
3606
4749
3726
3570
3647
3812
3993
3797
3822
4377
3760
3749
3718
3959
3817
3811
4053
3638
3659
3657
3752
3801
3691
3612
3733
3959
3839
4236
3795
3524
3699
4116
3643
3729
3561
3611
3964
3862
4102
3676
3576
3722
3624
3788
3722
3832
3665
3671
3764
3762
3653
3843
3703
3792
3815
3755
3882
3828
3664
3701
3742
3636
3653
3552
3567
3735
3779
3703
3786
3692
3899
3570
3499
3603
3655
3771
3613
3692
3657
3740
3628
3730
3599
3697
3904
3699
3583
3793
3627
3612
3704
3598
3831
3794
3778
3660
3723
3720
3624
3663
3929
3800
3774
3804
3682
3623
3675
3917
3976
3809
3770
3775
3693
3903
3584
3801
3743
3756
3869
3860
3818
3792
3819
3781
3647
3642
3886
3880
3782
3654
3766
3721
3722
3991
3656
3732
3728
3813
3514
3777
3439
3723
3549
4290
3690
3533
3553
3520
3517
3623
3559
3662
3760
3576
3621
3697
3804
3504
3459
3732
3556
3834
3617
3597
3581
3552
3652
3654
3641
3759
3746
3824
3578
3431
3542
3562
3485
3442
3689
3422
3419
3586
3657
3643
3614
3488
3302
3403
3642
3177
3467
3696
3825
3791
3643
3522
4027
4003
3232
3384
3270
3472
3797
3698
3362
4076
3616
3499
3543
3477
3558
3892
3388
3329
3445
3882
3620
3569
3736
3491
3488
3705
3563
4049
3886
3772
3729
4463
3591
3416
3497
3524
3690
3614
4306
4035
3669
3257
3621
3509
3960
3501
3459
3737
3785
3525
3662
3948
3712
3433
4056
3823
3576
3841
4036
3595
3535
3848
3589
3602
3497
3711
3578
3908
3695
3751
3797
3575
3437
3572
3796
3993
3513
3482
3613
3510
3569
3734
3617
3776
3935
3863
3821
3757
4480
3413
3385
3583
3580
3884
3834
3513
3520
3482
3564
3853
4010
3566
3501
3553
3674
3483
3432
3565
3419
3613
3856
3398
3522
3496
3617
3830
3663
3509
3785
3723
3565
3725
3689
3626
3947
4033
3564
3762
3513
3521
3585
3837
3793
3853
3842
3743
4042
3992
3854
3683
3968
4065
4269
3909
4162
3699
3695
3983
3893
3767
3780
3613
3781
3949
3939
3759
3783
3862
3830
3582
3566
3847
3693
3577
4002
4204
3948
3831
4126
3826
4559
3839
4620
3968
4025
3614
4629
3660
4151
3539
3654
3952
4831
4428
4387
4464
4422
4425
4582
4539
4458
4520
4444
4504
4525
4641
4471
4438
4432
4489
4467
4522
4452
4468
4512
4769
4433
4472
4689
4500
4505
4649
4439
4481
4356
4445
4522
4391
4424
4433
4425
4420
4458
4532
4469
4429
4451
4571
4543
4549
4627
4555
4497
4572
4710
4679
4780
4460
4449
4496
4475
4494
4504
4443
4447
4446
4384
4429
4398
4405
4427
4623
4590
4526
4701
4511
4439
4707
4553
4541
4672
4532
4427
4431
4445
4416
4385
4466
4426
4459
4473
4376
4407
4564
4598
4548
4585
4481
4543
4682
4628
4552
4646
4640
4926
4787
4636
4583
4392
4527
4488
4431
4444
4778
4732
4662
4694
4600
4504
4546
4551
4593
4441
4838
4535
4483
4551
4559
4558
4543
4545
4500
4460
4515
4530
4607
4687
4676
4656
4753
4439
4458
4749
4511
4478
4475
4510
4551
4848
4647
4686
4604
4564
4564
4554
4643
4543
4541
4856
4728
4718
4775
4444
4498
4470
4444
4497
4528
4490
4525
3898
4159
3782
4157
3991
3961
4037
3772
3762
3899
3846
3632
3863
3744
3764
3760
3951
3881
3935
4082
4052
4014
3986
4004
3903
3756
3853
3799
3901
3874
3995
3614
4225
3841
3824
4237
4144
4039
4073
3854
4353
4204
3925
3818
5383
4232
4134
3803
3858
3908
3791
3894
4203
3967
3944
4075
3956
3687
4574
3706
3825
4140
4176
3823
3862
3936
3846
4222
3809
4082
4441
3916
3946
3929
4083
3709
4082
4137
3758
5186
4152
3937
3846
3942
4096
4186
4165
3698
3990
4632
3698
3704
3884
3921
4038
3888
3785
3781
3855
4818
3847
3811
4517
4267
3788
3721
3857
3598
4168
4315
3674
3972
3809
3950
3737
4048
4380
4138
3683
3628
3842
3698
4644
3916
4216
3823
3689
3686
3793
4786
3758
3691
4185
3797
3475
3626
3570
3679
3906
3698
3643
4319
3567
3728
3796
4066
4945
3836
3766
3967
4130
3861
3569
3722
3783
3521
3485
3671
4492
3683
3884
3824
3794
3999
4010
3927
3679
4017
3685
3483
3688
3591
3539
4136
3617
3728
3846
3575
3660
3817
3779
4115
3930
4143
4011
3923
3914
3687
3792
4586
4000
4060
4134
4343
4215
4388
4257
4304
4743
4686
4176
4263
4497
4255
3913
4150
4353
4043
3846
3946
4184
3895
3830
3754
4246
4119
3644
3934
4448
3982
4274
4297
4202
4068
4066
4233
4191
4050
4298
4027
4244
4062
3991
4181
4001
4167
4305
4466
4242
4055
3936
4361
4307
3974
4147
3949
3984
3982
4157
4017
4115
4576
3755
3830
4117
4141
4297
4417
4152
4021
3993
4318
3889
4270
4038
4206
4243
4157
4196
4422
4436
4199
4134
4175
4055
4426
4045
3940
4196
4245
3950
4147
4756
4217
3958
4188
3893
3987
4085
4116
3955
4245
4385
4200
4212
4096
4363
4920
4439
4262
4239
4330
4097
4130
3982
3782
4356
4563
4076
4071
4136
4143
3935
4409
4189
4167
4200
4245
3879
4354
4217
4258
3781
3974
4067
4083
4284
3974
4092
4118
4300
3979
4020
4017
3810
4027
4133
4491
4292
4145
4166
4366
4121
4295
4096
4051
4348
4147
3800
4786
4006
4029
3956
4029
4377
4275
4283
5584
4361
3990
4014
3957
4089
4083
3917
4031
4366
4172
4205
4312
3977
4362
4175
3902
4029
3881
4089
3915
3998
3950
4033
4257
4051
4329
4058
3984
4254
3932
3980
3899
3981
3939
4819
4056
4036
3561
3804
3906
4479
4332
4057
4180
3960
3746
3895
4496
4147
3697
4483
3955
3839
3771
3949
3711
3906
4073
3958
4049
4233
4151
4351
4247
4055
3870
4002
4120
4610
4136
4056
4130
3978
3822
3870
4500
4155
3979
4965
3882
4105
3858
4301
4164
4165
4061
4214
4291
4174
4053
4068
4242
4848
4242
3997
3775
4166
4067
4035
4117
4095
3867
4034
3918
3860
4150
3836
4125
4368
3995
4122
4300
3956
3960
4053
4212
3906
3838
4131
4051
4266
4035
4329
3834
3727
3753
4100
3836
4106
3968
3942
3980
3764
4487
4052
4118
3849
3861
4353
4014
4053
4151
3989
3837
3956
3888
4200
3854
3898
3920
3999
3996
4025
4049
4283
3990
4104
3936
4242
4097
4187
4998
4297
4088
4584
3977
4040
4243
3974
4322
4054
4129
4078
4972
3976
4259
3886
3982
4204
4104
3950
3761
4362
4052
4716
4661
3969
3865
3910
3895
3925
3890
4363
3985
4511
3679
4323
4667
4321
3915
3893
3808
4008
4043
4192
4124
4046
3929
3758
4108
4080
3883
3977
3756
4031
4250
4007
3860
4160
4135
4209
4041
3821
4069
4112
4497
143
144
5979
